CCCACACACACACAAE 1,2,3;1,3,4;1,4,5;1,5,2;2,5,6;2,6,3;3,6,7;3,7,4;4,7,8;4,8,5;5,8,9;5,9,6;6,9,10;6,10,7;7,10,8;8,10,9
CCCACACACCAACAAE 1,2,3;1,3,4;1,4,5;1,5,2;2,5,6;2,6,3;3,6,7;3,7,4;4,7,8;4,8,9;4,9,5;5,9,6;6,9,10;6,10,7;7,10,8;8,10,9
CCCACACACCACADEE 1,2,3;1,3,4;1,4,5;1,5,2;2,5,6;2,6,3;3,6,7;3,7,4;4,7,8;4,8,9;4,9,5;5,9,10;5,10,6;6,10,8;8,10,9;6,8,7
CCCACACCAACACAAE 1,2,3;1,3,4;1,4,5;1,5,2;2,5,6;2,6,3;3,6,7;3,7,8;3,8,4;4,8,5;5,8,9;5,9,6;6,9,10;6,10,7;7,10,8;8,10,9
CCCACACCACACAAAE 1,2,3;1,3,4;1,4,5;1,5,2;2,5,6;2,6,3;3,6,7;3,7,8;3,8,4;4,8,9;4,9,5;5,9,10;5,10,6;6,10,7;7,10,8;8,10,9
CCCACCACACAACAAE 1,2,3;1,3,4;1,4,5;1,5,2;2,5,6;2,6,7;2,7,3;3,7,8;3,8,4;4,8,9;4,9,5;5,9,6;6,9,10;6,10,7;7,10,8;8,10,9
CCCACCACACACAAAE 1,2,3;1,3,4;1,4,5;1,5,2;2,5,6;2,6,7;2,7,3;3,7,8;3,8,4;4,8,9;4,9,5;5,9,10;5,10,6;6,10,7;7,10,8;8,10,9
CCCACACACACACACAAE 1,2,3;1,3,4;1,4,5;1,5,2;2,5,6;2,6,3;3,6,7;3,7,4;4,7,8;4,8,5;5,8,9;5,9,6;6,9,10;6,10,7;7,10,11;7,11,8;8,11,9;9,11,10
CCCACACACCAACACAAE 1,2,3;1,3,4;1,4,5;1,5,2;2,5,6;2,6,3;3,6,7;3,7,4;4,7,8;4,8,9;4,9,5;5,9,6;6,9,10;6,10,7;7,10,11;7,11,8;8,11,9;9,11,10
CCCACACACCACACAAAE 1,2,3;1,3,4;1,4,5;1,5,2;2,5,6;2,6,3;3,6,7;3,7,4;4,7,8;4,8,9;4,9,5;5,9,10;5,10,6;6,10,11;6,11,7;7,11,8;8,11,9;9,11,10
CCCACACCACACAACAAE 1,2,3;1,3,4;1,4,5;1,5,2;2,5,6;2,6,3;3,6,7;3,7,8;3,8,4;4,8,9;4,9,5;5,9,10;5,10,6;6,10,7;7,10,11;7,11,8;8,11,9;9,11,10
CCCACACCACACACAAAE 1,2,3;1,3,4;1,4,5;1,5,2;2,5,6;2,6,3;3,6,7;3,7,8;3,8,4;4,8,9;4,9,5;5,9,10;5,10,6;6,10,11;6,11,7;7,11,8;8,11,9;9,11,10
CCCACACCACACACAABE 1,2,3;1,3,4;1,4,5;1,5,2;2,5,6;2,6,3;3,6,7;3,7,8;3,8,4;4,8,9;4,9,5;5,9,10;5,10,6;6,10,11;6,11,7;7,11,8;8,11,10;8,10,9
CCCACACCACCACADAEE 1,2,3;1,3,4;1,4,5;1,5,2;2,5,6;2,6,3;3,6,7;3,7,8;3,8,4;4,8,9;4,9,10;4,10,5;5,10,11;5,11,6;6,11,9;9,11,10;6,9,7;7,9,8
CCCACCACACACAACAAE 1,2,3;1,3,4;1,4,5;1,5,2;2,5,6;2,6,7;2,7,3;3,7,8;3,8,4;4,8,9;4,9,5;5,9,10;5,10,6;6,10,7;7,10,11;7,11,8;8,11,9;9,11,10
CCCACCACACACACAAAE 1,2,3;1,3,4;1,4,5;1,5,2;2,5,6;2,6,7;2,7,3;3,7,8;3,8,4;4,8,9;4,9,5;5,9,10;5,10,6;6,10,11;6,11,7;7,11,8;8,11,9;9,11,10
CCCACCACACCACAADEE 1,2,3;1,3,4;1,4,5;1,5,2;2,5,6;2,6,7;2,7,3;3,7,8;3,8,4;4,8,9;4,9,10;4,10,5;5,10,11;5,11,6;6,11,7;7,11,9;9,11,10;7,9,8
CCCACACACACACACACAAE 1,2,3;1,3,4;1,4,5;1,5,2;2,5,6;2,6,3;3,6,7;3,7,4;4,7,8;4,8,5;5,8,9;5,9,6;6,9,10;6,10,7;7,10,11;7,11,8;8,11,12;8,12,9;9,12,10;10,12,11
CCCACACACCAACACACAAE 1,2,3;1,3,4;1,4,5;1,5,2;2,5,6;2,6,3;3,6,7;3,7,4;4,7,8;4,8,9;4,9,5;5,9,6;6,9,10;6,10,7;7,10,11;7,11,8;8,11,12;8,12,9;9,12,10;10,12,11
CCCACACACCACACAACAAE 1,2,3;1,3,4;1,4,5;1,5,2;2,5,6;2,6,3;3,6,7;3,7,4;4,7,8;4,8,9;4,9,5;5,9,10;5,10,6;6,10,11;6,11,7;7,11,8;8,11,12;8,12,9;9,12,10;10,12,11
CCCACACACCACACACAAAE 1,2,3;1,3,4;1,4,5;1,5,2;2,5,6;2,6,3;3,6,7;3,7,4;4,7,8;4,8,9;4,9,5;5,9,10;5,10,6;6,10,11;6,11,7;7,11,12;7,12,8;8,12,9;9,12,10;10,12,11
CCCACACACCACACACAABE 1,2,3;1,3,4;1,4,5;1,5,2;2,5,6;2,6,3;3,6,7;3,7,4;4,7,8;4,8,9;4,9,5;5,9,10;5,10,6;6,10,11;6,11,7;7,11,12;7,12,8;8,12,9;9,12,11;9,11,10
CCCACACCAACACACCAABE 1,2,3;1,3,4;1,4,5;1,5,2;2,5,6;2,6,3;3,6,7;3,7,8;3,8,4;4,8,5;5,8,9;5,9,6;6,9,10;6,10,7;7,10,11;7,11,12;7,12,8;8,12,9;9,12,11;9,11,10
CCCACACCACACAACACAAE 1,2,3;1,3,4;1,4,5;1,5,2;2,5,6;2,6,3;3,6,7;3,7,8;3,8,4;4,8,9;4,9,5;5,9,10;5,10,6;6,10,7;7,10,11;7,11,8;8,11,12;8,12,9;9,12,10;10,12,11
CCCACACCACACACAACAAE 1,2,3;1,3,4;1,4,5;1,5,2;2,5,6;2,6,3;3,6,7;3,7,8;3,8,4;4,8,9;4,9,5;5,9,10;5,10,6;6,10,11;6,11,7;7,11,8;8,11,12;8,12,9;9,12,10;10,12,11
CCCACACCACACACACAAAE 1,2,3;1,3,4;1,4,5;1,5,2;2,5,6;2,6,3;3,6,7;3,7,8;3,8,4;4,8,9;4,9,5;5,9,10;5,10,6;6,10,11;6,11,7;7,11,12;7,12,8;8,12,9;9,12,10;10,12,11
CCCACACCACCACACAAAAE 1,2,3;1,3,4;1,4,5;1,5,2;2,5,6;2,6,3;3,6,7;3,7,8;3,8,4;4,8,9;4,9,10;4,10,5;5,10,11;5,11,6;6,11,12;6,12,7;7,12,8;8,12,9;9,12,10;10,12,11
CCCACACCACCACACAAABE 1,2,3;1,3,4;1,4,5;1,5,2;2,5,6;2,6,3;3,6,7;3,7,8;3,8,4;4,8,9;4,9,10;4,10,5;5,10,11;5,11,6;6,11,12;6,12,7;7,12,8;8,12,9;9,12,11;9,11,10
CCCACACCACCACACAABAE 1,2,3;1,3,4;1,4,5;1,5,2;2,5,6;2,6,3;3,6,7;3,7,8;3,8,4;4,8,9;4,9,10;4,10,5;5,10,11;5,11,6;6,11,12;6,12,7;7,12,8;8,12,11;8,11,9;9,11,10
CCCACCACACACACAACAAE 1,2,3;1,3,4;1,4,5;1,5,2;2,5,6;2,6,7;2,7,3;3,7,8;3,8,4;4,8,9;4,9,5;5,9,10;5,10,6;6,10,11;6,11,7;7,11,8;8,11,12;8,12,9;9,12,10;10,12,11
CCCACCACACACACACAABE 1,2,3;1,3,4;1,4,5;1,5,2;2,5,6;2,6,7;2,7,3;3,7,8;3,8,4;4,8,9;4,9,5;5,9,10;5,10,6;6,10,11;6,11,7;7,11,12;7,12,8;8,12,9;9,12,11;9,11,10
CCCACCACACCACAACAABE 1,2,3;1,3,4;1,4,5;1,5,2;2,5,6;2,6,7;2,7,3;3,7,8;3,8,4;4,8,9;4,9,10;4,10,5;5,10,11;5,11,6;6,11,7;7,11,12;7,12,8;8,12,9;9,12,11;9,11,10
CCCACCACACCACACAAAAE 1,2,3;1,3,4;1,4,5;1,5,2;2,5,6;2,6,7;2,7,3;3,7,8;3,8,4;4,8,9;4,9,10;4,10,5;5,10,11;5,11,6;6,11,12;6,12,7;7,12,8;8,12,9;9,12,10;10,12,11
CCCACCACACCACACAAABE 1,2,3;1,3,4;1,4,5;1,5,2;2,5,6;2,6,7;2,7,3;3,7,8;3,8,4;4,8,9;4,9,10;4,10,5;5,10,11;5,11,6;6,11,12;6,12,7;7,12,8;8,12,9;9,12,11;9,11,10
CCCACCACACCACACDEAAE 1,2,3;1,3,4;1,4,5;1,5,2;2,5,6;2,6,7;2,7,3;3,7,8;3,8,4;4,8,9;4,9,10;4,10,5;5,10,11;5,11,6;6,11,12;6,12,8;8,12,9;9,12,10;10,12,11;6,8,7
CCCACCACACCACACDEABE 1,2,3;1,3,4;1,4,5;1,5,2;2,5,6;2,6,7;2,7,3;3,7,8;3,8,4;4,8,9;4,9,10;4,10,5;5,10,11;5,11,6;6,11,12;6,12,8;8,12,9;9,12,11;9,11,10;6,8,7
CCCACCACCACACAACADEE 1,2,3;1,3,4;1,4,5;1,5,2;2,5,6;2,6,7;2,7,3;3,7,8;3,8,9;3,9,4;4,9,10;4,10,5;5,10,11;5,11,6;6,11,7;7,11,12;7,12,8;8,12,10;10,12,11;8,10,9
CCCACCACCACACACAAAAE 1,2,3;1,3,4;1,4,5;1,5,2;2,5,6;2,6,7;2,7,3;3,7,8;3,8,9;3,9,4;4,9,10;4,10,5;5,10,11;5,11,6;6,11,12;6,12,7;7,12,8;8,12,9;9,12,10;10,12,11
CCCCACCACACACAACAAAE 1,2,3;1,3,4;1,4,5;1,5,6;1,6,2;2,6,7;2,7,8;2,8,3;3,8,9;3,9,4;4,9,10;4,10,5;5,10,11;5,11,6;6,11,7;7,11,12;7,12,8;8,12,9;9,12,10;10,12,11
CCCACACACACACACACACAAE 1,2,3;1,3,4;1,4,5;1,5,2;2,5,6;2,6,3;3,6,7;3,7,4;4,7,8;4,8,5;5,8,9;5,9,6;6,9,10;6,10,7;7,10,11;7,11,8;8,11,12;8,12,9;9,12,13;9,13,10;10,13,11;11,13,12
CCCACACACCAACACACCAABE 1,2,3;1,3,4;1,4,5;1,5,2;2,5,6;2,6,3;3,6,7;3,7,4;4,7,8;4,8,9;4,9,5;5,9,6;6,9,10;6,10,7;7,10,11;7,11,8;8,11,12;8,12,13;8,13,9;9,13,10;10,13,12;10,12,11
CCCACACACCACACAACACAAE 1,2,3;1,3,4;1,4,5;1,5,2;2,5,6;2,6,3;3,6,7;3,7,4;4,7,8;4,8,9;4,9,5;5,9,10;5,10,6;6,10,11;6,11,7;7,11,8;8,11,12;8,12,9;9,12,13;9,13,10;10,13,11;11,13,12
CCCACACACCACACACAACAAE 1,2,3;1,3,4;1,4,5;1,5,2;2,5,6;2,6,3;3,6,7;3,7,4;4,7,8;4,8,9;4,9,5;5,9,10;5,10,6;6,10,11;6,11,7;7,11,12;7,12,8;8,12,9;9,12,13;9,13,10;10,13,11;11,13,12
CCCACACACCACACACACAAAE 1,2,3;1,3,4;1,4,5;1,5,2;2,5,6;2,6,3;3,6,7;3,7,4;4,7,8;4,8,9;4,9,5;5,9,10;5,10,6;6,10,11;6,11,7;7,11,12;7,12,8;8,12,13;8,13,9;9,13,10;10,13,11;11,13,12
CCCACACACCACACACACADEE 1,2,3;1,3,4;1,4,5;1,5,2;2,5,6;2,6,3;3,6,7;3,7,4;4,7,8;4,8,9;4,9,5;5,9,10;5,10,6;6,10,11;6,11,7;7,11,12;7,12,8;8,12,13;8,13,9;9,13,11;11,13,12;9,11,10
CCCACACCACACACAACACAAE 1,2,3;1,3,4;1,4,5;1,5,2;2,5,6;2,6,3;3,6,7;3,7,8;3,8,4;4,8,9;4,9,5;5,9,10;5,10,6;6,10,11;6,11,7;7,11,8;8,11,12;8,12,9;9,12,13;9,13,10;10,13,11;11,13,12
CCCACACCACACACACAACAAE 1,2,3;1,3,4;1,4,5;1,5,2;2,5,6;2,6,3;3,6,7;3,7,8;3,8,4;4,8,9;4,9,5;5,9,10;5,10,6;6,10,11;6,11,7;7,11,12;7,12,8;8,12,9;9,12,13;9,13,10;10,13,11;11,13,12
CCCACACCACACACACACAABE 1,2,3;1,3,4;1,4,5;1,5,2;2,5,6;2,6,3;3,6,7;3,7,8;3,8,4;4,8,9;4,9,5;5,9,10;5,10,6;6,10,11;6,11,7;7,11,12;7,12,8;8,12,13;8,13,9;9,13,10;10,13,12;10,12,11
CCCACACCACACACACCAAABE 1,2,3;1,3,4;1,4,5;1,5,2;2,5,6;2,6,3;3,6,7;3,7,8;3,8,4;4,8,9;4,9,5;5,9,10;5,10,6;6,10,11;6,11,7;7,11,12;7,12,13;7,13,8;8,13,9;9,13,10;10,13,12;10,12,11
CCCACACCACCACACAAACAAE 1,2,3;1,3,4;1,4,5;1,5,2;2,5,6;2,6,3;3,6,7;3,7,8;3,8,4;4,8,9;4,9,10;4,10,5;5,10,11;5,11,6;6,11,12;6,12,7;7,12,8;8,12,9;9,12,13;9,13,10;10,13,11;11,13,12
CCCACACCACCACACAACAAAE 1,2,3;1,3,4;1,4,5;1,5,2;2,5,6;2,6,3;3,6,7;3,7,8;3,8,4;4,8,9;4,9,10;4,10,5;5,10,11;5,11,6;6,11,12;6,12,7;7,12,8;8,12,13;8,13,9;9,13,10;10,13,11;11,13,12
CCCACACCACCACACAACAABE 1,2,3;1,3,4;1,4,5;1,5,2;2,5,6;2,6,3;3,6,7;3,7,8;3,8,4;4,8,9;4,9,10;4,10,5;5,10,11;5,11,6;6,11,12;6,12,7;7,12,8;8,12,13;8,13,9;9,13,10;10,13,12;10,12,11
CCCACACCACCACACAACADEE 1,2,3;1,3,4;1,4,5;1,5,2;2,5,6;2,6,3;3,6,7;3,7,8;3,8,4;4,8,9;4,9,10;4,10,5;5,10,11;5,11,6;6,11,12;6,12,7;7,12,8;8,12,13;8,13,9;9,13,11;11,13,12;9,11,10
CCCACACCACCACACACAAAAE 1,2,3;1,3,4;1,4,5;1,5,2;2,5,6;2,6,3;3,6,7;3,7,8;3,8,4;4,8,9;4,9,10;4,10,5;5,10,11;5,11,6;6,11,12;6,12,7;7,12,13;7,13,8;8,13,9;9,13,10;10,13,11;11,13,12
CCCACCACACAACCACACAAAE 1,2,3;1,3,4;1,4,5;1,5,2;2,5,6;2,6,7;2,7,3;3,7,8;3,8,4;4,8,9;4,9,5;5,9,6;6,9,10;6,10,11;6,11,7;7,11,12;7,12,8;8,12,13;8,13,9;9,13,10;10,13,11;11,13,12
CCCACCACACACACACAACAAE 1,2,3;1,3,4;1,4,5;1,5,2;2,5,6;2,6,7;2,7,3;3,7,8;3,8,4;4,8,9;4,9,5;5,9,10;5,10,6;6,10,11;6,11,7;7,11,12;7,12,8;8,12,9;9,12,13;9,13,10;10,13,11;11,13,12
CCCACCACACACACACACAAAE 1,2,3;1,3,4;1,4,5;1,5,2;2,5,6;2,6,7;2,7,3;3,7,8;3,8,4;4,8,9;4,9,5;5,9,10;5,10,6;6,10,11;6,11,7;7,11,12;7,12,8;8,12,13;8,13,9;9,13,10;10,13,11;11,13,12
CCCACCACACACACACACAABE 1,2,3;1,3,4;1,4,5;1,5,2;2,5,6;2,6,7;2,7,3;3,7,8;3,8,4;4,8,9;4,9,5;5,9,10;5,10,6;6,10,11;6,11,7;7,11,12;7,12,8;8,12,13;8,13,9;9,13,10;10,13,12;10,12,11
CCCACCACACACACCAACADEE 1,2,3;1,3,4;1,4,5;1,5,2;2,5,6;2,6,7;2,7,3;3,7,8;3,8,4;4,8,9;4,9,5;5,9,10;5,10,6;6,10,11;6,11,12;6,12,7;7,12,8;8,12,13;8,13,9;9,13,11;11,13,12;9,11,10
CCCACCACACCACAACACAAAE 1,2,3;1,3,4;1,4,5;1,5,2;2,5,6;2,6,7;2,7,3;3,7,8;3,8,4;4,8,9;4,9,10;4,10,5;5,10,11;5,11,6;6,11,7;7,11,12;7,12,8;8,12,13;8,13,9;9,13,10;10,13,11;11,13,12
CCCACCACACCACACAACAAAE 1,2,3;1,3,4;1,4,5;1,5,2;2,5,6;2,6,7;2,7,3;3,7,8;3,8,4;4,8,9;4,9,10;4,10,5;5,10,11;5,11,6;6,11,12;6,12,7;7,12,8;8,12,13;8,13,9;9,13,10;10,13,11;11,13,12
CCCACCACACCACACAACADEE 1,2,3;1,3,4;1,4,5;1,5,2;2,5,6;2,6,7;2,7,3;3,7,8;3,8,4;4,8,9;4,9,10;4,10,5;5,10,11;5,11,6;6,11,12;6,12,7;7,12,8;8,12,13;8,13,9;9,13,11;11,13,12;9,11,10
CCCACCACACCACACACAAAAE 1,2,3;1,3,4;1,4,5;1,5,2;2,5,6;2,6,7;2,7,3;3,7,8;3,8,4;4,8,9;4,9,10;4,10,5;5,10,11;5,11,6;6,11,12;6,12,7;7,12,13;7,13,8;8,13,9;9,13,10;10,13,11;11,13,12
CCCACCACACCACACACAAABE 1,2,3;1,3,4;1,4,5;1,5,2;2,5,6;2,6,7;2,7,3;3,7,8;3,8,4;4,8,9;4,9,10;4,10,5;5,10,11;5,11,6;6,11,12;6,12,7;7,12,13;7,13,8;8,13,9;9,13,10;10,13,12;10,12,11
CCCACCACACCACACACAABBE 1,2,3;1,3,4;1,4,5;1,5,2;2,5,6;2,6,7;2,7,3;3,7,8;3,8,4;4,8,9;4,9,10;4,10,5;5,10,11;5,11,6;6,11,12;6,12,7;7,12,13;7,13,8;8,13,9;9,13,12;9,12,11;9,11,10
CCCACCACACCACACCAABAAE 1,2,3;1,3,4;1,4,5;1,5,2;2,5,6;2,6,7;2,7,3;3,7,8;3,8,4;4,8,9;4,9,10;4,10,5;5,10,11;5,11,6;6,11,12;6,12,13;6,13,7;7,13,8;8,13,12;8,12,9;9,12,10;10,12,11
CCCACCACACCACACCAABABE 1,2,3;1,3,4;1,4,5;1,5,2;2,5,6;2,6,7;2,7,3;3,7,8;3,8,4;4,8,9;4,9,10;4,10,5;5,10,11;5,11,6;6,11,12;6,12,13;6,13,7;7,13,8;8,13,12;8,12,9;9,12,11;9,11,10
CCCACCACCACACAACAACAAE 1,2,3;1,3,4;1,4,5;1,5,2;2,5,6;2,6,7;2,7,3;3,7,8;3,8,9;3,9,4;4,9,10;4,10,5;5,10,11;5,11,6;6,11,7;7,11,12;7,12,8;8,12,9;9,12,13;9,13,10;10,13,11;11,13,12
CCCACCACCACACACAACAAAE 1,2,3;1,3,4;1,4,5;1,5,2;2,5,6;2,6,7;2,7,3;3,7,8;3,8,9;3,9,4;4,9,10;4,10,5;5,10,11;5,11,6;6,11,12;6,12,7;7,12,8;8,12,13;8,13,9;9,13,10;10,13,11;11,13,12
CCCACCACCACCACAACADEBE 1,2,3;1,3,4;1,4,5;1,5,2;2,5,6;2,6,7;2,7,3;3,7,8;3,8,9;3,9,4;4,9,10;4,10,11;4,11,5;5,11,12;5,12,6;6,12,7;7,12,13;7,13,8;8,13,10;10,13,12;10,12,11;8,10,9
CCCACCACCACCACACAADEBE 1,2,3;1,3,4;1,4,5;1,5,2;2,5,6;2,6,7;2,7,3;3,7,8;3,8,9;3,9,4;4,9,10;4,10,11;4,11,5;5,11,12;5,12,6;6,12,13;6,13,7;7,13,8;8,13,10;10,13,12;10,12,11;8,10,9
CCCACACACACACACACACACAAE 1,2,3;1,3,4;1,4,5;1,5,2;2,5,6;2,6,3;3,6,7;3,7,4;4,7,8;4,8,5;5,8,9;5,9,6;6,9,10;6,10,7;7,10,11;7,11,8;8,11,12;8,12,9;9,12,13;9,13,10;10,13,14;10,14,11;11,14,12;12,14,13
CCCACACACCAACACACCAACAAE 1,2,3;1,3,4;1,4,5;1,5,2;2,5,6;2,6,3;3,6,7;3,7,4;4,7,8;4,8,9;4,9,5;5,9,6;6,9,10;6,10,7;7,10,11;7,11,8;8,11,12;8,12,13;8,13,9;9,13,10;10,13,14;10,14,11;11,14,12;12,14,13
CCCACACACCACACAACACACAAE 1,2,3;1,3,4;1,4,5;1,5,2;2,5,6;2,6,3;3,6,7;3,7,4;4,7,8;4,8,9;4,9,5;5,9,10;5,10,6;6,10,11;6,11,7;7,11,8;8,11,12;8,12,9;9,12,13;9,13,10;10,13,14;10,14,11;11,14,12;12,14,13
CCCACACACCACACAACCAACAAE 1,2,3;1,3,4;1,4,5;1,5,2;2,5,6;2,6,3;3,6,7;3,7,4;4,7,8;4,8,9;4,9,5;5,9,10;5,10,6;6,10,11;6,11,7;7,11,8;8,11,12;8,12,13;8,13,9;9,13,10;10,13,14;10,14,11;11,14,12;12,14,13
CCCACACACCACACACAACACAAE 1,2,3;1,3,4;1,4,5;1,5,2;2,5,6;2,6,3;3,6,7;3,7,4;4,7,8;4,8,9;4,9,5;5,9,10;5,10,6;6,10,11;6,11,7;7,11,12;7,12,8;8,12,9;9,12,13;9,13,10;10,13,14;10,14,11;11,14,12;12,14,13
CCCACACACCACACACACAACAAE 1,2,3;1,3,4;1,4,5;1,5,2;2,5,6;2,6,3;3,6,7;3,7,4;4,7,8;4,8,9;4,9,5;5,9,10;5,10,6;6,10,11;6,11,7;7,11,12;7,12,8;8,12,13;8,13,9;9,13,10;10,13,14;10,14,11;11,14,12;12,14,13
CCCACACACCACACACACACAABE 1,2,3;1,3,4;1,4,5;1,5,2;2,5,6;2,6,3;3,6,7;3,7,4;4,7,8;4,8,9;4,9,5;5,9,10;5,10,6;6,10,11;6,11,7;7,11,12;7,12,8;8,12,13;8,13,9;9,13,14;9,14,10;10,14,11;11,14,13;11,13,12
CCCACACACCACACACACCAAABE 1,2,3;1,3,4;1,4,5;1,5,2;2,5,6;2,6,3;3,6,7;3,7,4;4,7,8;4,8,9;4,9,5;5,9,10;5,10,6;6,10,11;6,11,7;7,11,12;7,12,8;8,12,13;8,13,14;8,14,9;9,14,10;10,14,11;11,14,13;11,13,12
CCCACACCAACACACCAACACAAE 1,2,3;1,3,4;1,4,5;1,5,2;2,5,6;2,6,3;3,6,7;3,7,8;3,8,4;4,8,5;5,8,9;5,9,6;6,9,10;6,10,7;7,10,11;7,11,12;7,12,8;8,12,9;9,12,13;9,13,10;10,13,14;10,14,11;11,14,12;12,14,13
CCCACACCACACAACCACACAAAE 1,2,3;1,3,4;1,4,5;1,5,2;2,5,6;2,6,3;3,6,7;3,7,8;3,8,4;4,8,9;4,9,5;5,9,10;5,10,6;6,10,7;7,10,11;7,11,12;7,12,8;8,12,13;8,13,9;9,13,14;9,14,10;10,14,11;11,14,12;12,14,13
CCCACACCACACAACCACACAABE 1,2,3;1,3,4;1,4,5;1,5,2;2,5,6;2,6,3;3,6,7;3,7,8;3,8,4;4,8,9;4,9,5;5,9,10;5,10,6;6,10,7;7,10,11;7,11,12;7,12,8;8,12,13;8,13,9;9,13,14;9,14,10;10,14,11;11,14,13;11,13,12
CCCACACCACACACACAACACAAE 1,2,3;1,3,4;1,4,5;1,5,2;2,5,6;2,6,3;3,6,7;3,7,8;3,8,4;4,8,9;4,9,5;5,9,10;5,10,6;6,10,11;6,11,7;7,11,12;7,12,8;8,12,9;9,12,13;9,13,10;10,13,14;10,14,11;11,14,12;12,14,13
CCCACACCACACACACACAACAAE 1,2,3;1,3,4;1,4,5;1,5,2;2,5,6;2,6,3;3,6,7;3,7,8;3,8,4;4,8,9;4,9,5;5,9,10;5,10,6;6,10,11;6,11,7;7,11,12;7,12,8;8,12,13;8,13,9;9,13,10;10,13,14;10,14,11;11,14,12;12,14,13
CCCACACCACACACACACACAAAE 1,2,3;1,3,4;1,4,5;1,5,2;2,5,6;2,6,3;3,6,7;3,7,8;3,8,4;4,8,9;4,9,5;5,9,10;5,10,6;6,10,11;6,11,7;7,11,12;7,12,8;8,12,13;8,13,9;9,13,14;9,14,10;10,14,11;11,14,12;12,14,13
CCCACACCACACACACACACAABE 1,2,3;1,3,4;1,4,5;1,5,2;2,5,6;2,6,3;3,6,7;3,7,8;3,8,4;4,8,9;4,9,5;5,9,10;5,10,6;6,10,11;6,11,7;7,11,12;7,12,8;8,12,13;8,13,9;9,13,14;9,14,10;10,14,11;11,14,13;11,13,12
CCCACACCACACACACACACADEE 1,2,3;1,3,4;1,4,5;1,5,2;2,5,6;2,6,3;3,6,7;3,7,8;3,8,4;4,8,9;4,9,5;5,9,10;5,10,6;6,10,11;6,11,7;7,11,12;7,12,8;8,12,13;8,13,9;9,13,14;9,14,10;10,14,12;12,14,13;10,12,11
CCCACACCACACACACCAACADEE 1,2,3;1,3,4;1,4,5;1,5,2;2,5,6;2,6,3;3,6,7;3,7,8;3,8,4;4,8,9;4,9,5;5,9,10;5,10,6;6,10,11;6,11,7;7,11,12;7,12,13;7,13,8;8,13,9;9,13,14;9,14,10;10,14,12;12,14,13;10,12,11
CCCACACCACCACACAACAACAAE 1,2,3;1,3,4;1,4,5;1,5,2;2,5,6;2,6,3;3,6,7;3,7,8;3,8,4;4,8,9;4,9,10;4,10,5;5,10,11;5,11,6;6,11,12;6,12,7;7,12,8;8,12,13;8,13,9;9,13,10;10,13,14;10,14,11;11,14,12;12,14,13
CCCACACCACCACACAACACAAAE 1,2,3;1,3,4;1,4,5;1,5,2;2,5,6;2,6,3;3,6,7;3,7,8;3,8,4;4,8,9;4,9,10;4,10,5;5,10,11;5,11,6;6,11,12;6,12,7;7,12,8;8,12,13;8,13,9;9,13,14;9,14,10;10,14,11;11,14,12;12,14,13
CCCACACCACCACACAACACAABE 1,2,3;1,3,4;1,4,5;1,5,2;2,5,6;2,6,3;3,6,7;3,7,8;3,8,4;4,8,9;4,9,10;4,10,5;5,10,11;5,11,6;6,11,12;6,12,7;7,12,8;8,12,13;8,13,9;9,13,14;9,14,10;10,14,11;11,14,13;11,13,12
CCCACACCACCACACAACACDEAE 1,2,3;1,3,4;1,4,5;1,5,2;2,5,6;2,6,3;3,6,7;3,7,8;3,8,4;4,8,9;4,9,10;4,10,5;5,10,11;5,11,6;6,11,12;6,12,7;7,12,8;8,12,13;8,13,9;9,13,14;9,14,11;11,14,12;12,14,13;9,11,10
CCCACACCACCACACACAAACAAE 1,2,3;1,3,4;1,4,5;1,5,2;2,5,6;2,6,3;3,6,7;3,7,8;3,8,4;4,8,9;4,9,10;4,10,5;5,10,11;5,11,6;6,11,12;6,12,7;7,12,13;7,13,8;8,13,9;9,13,10;10,13,14;10,14,11;11,14,12;12,14,13
CCCACACCACCACACACAABCAAE 1,2,3;1,3,4;1,4,5;1,5,2;2,5,6;2,6,3;3,6,7;3,7,8;3,8,4;4,8,9;4,9,10;4,10,5;5,10,11;5,11,6;6,11,12;6,12,7;7,12,13;7,13,8;8,13,9;9,13,12;9,12,14;9,14,10;10,14,11;11,14,12
CCCACACCACCACACACAACAAAE 1,2,3;1,3,4;1,4,5;1,5,2;2,5,6;2,6,3;3,6,7;3,7,8;3,8,4;4,8,9;4,9,10;4,10,5;5,10,11;5,11,6;6,11,12;6,12,7;7,12,13;7,13,8;8,13,9;9,13,14;9,14,10;10,14,11;11,14,12;12,14,13
CCCACACCACCACACACACAAABE 1,2,3;1,3,4;1,4,5;1,5,2;2,5,6;2,6,3;3,6,7;3,7,8;3,8,4;4,8,9;4,9,10;4,10,5;5,10,11;5,11,6;6,11,12;6,12,7;7,12,13;7,13,8;8,13,14;8,14,9;9,14,10;10,14,11;11,14,13;11,13,12
CCCACACCACCACACACACAABAE 1,2,3;1,3,4;1,4,5;1,5,2;2,5,6;2,6,3;3,6,7;3,7,8;3,8,4;4,8,9;4,9,10;4,10,5;5,10,11;5,11,6;6,11,12;6,12,7;7,12,13;7,13,8;8,13,14;8,14,9;9,14,10;10,14,13;10,13,11;11,13,12
CCCACCACACAACCACACAACAAE 1,2,3;1,3,4;1,4,5;1,5,2;2,5,6;2,6,7;2,7,3;3,7,8;3,8,4;4,8,9;4,9,5;5,9,6;6,9,10;6,10,11;6,11,7;7,11,12;7,12,8;8,12,13;8,13,9;9,13,10;10,13,14;10,14,11;11,14,12;12,14,13
CCCACCACACACACACACAACAAE 1,2,3;1,3,4;1,4,5;1,5,2;2,5,6;2,6,7;2,7,3;3,7,8;3,8,4;4,8,9;4,9,5;5,9,10;5,10,6;6,10,11;6,11,7;7,11,12;7,12,8;8,12,13;8,13,9;9,13,10;10,13,14;10,14,11;11,14,12;12,14,13
CCCACCACACACACACACACAAAE 1,2,3;1,3,4;1,4,5;1,5,2;2,5,6;2,6,7;2,7,3;3,7,8;3,8,4;4,8,9;4,9,5;5,9,10;5,10,6;6,10,11;6,11,7;7,11,12;7,12,8;8,12,13;8,13,9;9,13,14;9,14,10;10,14,11;11,14,12;12,14,13
CCCACCACACACACACACACAABE 1,2,3;1,3,4;1,4,5;1,5,2;2,5,6;2,6,7;2,7,3;3,7,8;3,8,4;4,8,9;4,9,5;5,9,10;5,10,6;6,10,11;6,11,7;7,11,12;7,12,8;8,12,13;8,13,9;9,13,14;9,14,10;10,14,11;11,14,13;11,13,12
CCCACCACACACACCAACACAAAE 1,2,3;1,3,4;1,4,5;1,5,2;2,5,6;2,6,7;2,7,3;3,7,8;3,8,4;4,8,9;4,9,5;5,9,10;5,10,6;6,10,11;6,11,12;6,12,7;7,12,8;8,12,13;8,13,9;9,13,14;9,14,10;10,14,11;11,14,12;12,14,13
CCCACCACACACACCAACACAABE 1,2,3;1,3,4;1,4,5;1,5,2;2,5,6;2,6,7;2,7,3;3,7,8;3,8,4;4,8,9;4,9,5;5,9,10;5,10,6;6,10,11;6,11,12;6,12,7;7,12,8;8,12,13;8,13,9;9,13,14;9,14,10;10,14,11;11,14,13;11,13,12
CCCACCACACACACCACACADEAE 1,2,3;1,3,4;1,4,5;1,5,2;2,5,6;2,6,7;2,7,3;3,7,8;3,8,4;4,8,9;4,9,5;5,9,10;5,10,6;6,10,11;6,11,12;6,12,7;7,12,13;7,13,8;8,13,14;8,14,9;9,14,11;11,14,12;12,14,13;9,11,10
CCCACCACACACACCACACADEBE 1,2,3;1,3,4;1,4,5;1,5,2;2,5,6;2,6,7;2,7,3;3,7,8;3,8,4;4,8,9;4,9,5;5,9,10;5,10,6;6,10,11;6,11,12;6,12,7;7,12,13;7,13,8;8,13,14;8,14,9;9,14,11;11,14,13;11,13,12;9,11,10
CCCACCACACCACAACACAACAAE 1,2,3;1,3,4;1,4,5;1,5,2;2,5,6;2,6,7;2,7,3;3,7,8;3,8,4;4,8,9;4,9,10;4,10,5;5,10,11;5,11,6;6,11,7;7,11,12;7,12,8;8,12,13;8,13,9;9,13,10;10,13,14;10,14,11;11,14,12;12,14,13
CCCACCACACCACACAACAACAAE 1,2,3;1,3,4;1,4,5;1,5,2;2,5,6;2,6,7;2,7,3;3,7,8;3,8,4;4,8,9;4,9,10;4,10,5;5,10,11;5,11,6;6,11,12;6,12,7;7,12,8;8,12,13;8,13,9;9,13,10;10,13,14;10,14,11;11,14,12;12,14,13
CCCACCACACCACACAACACAAAE 1,2,3;1,3,4;1,4,5;1,5,2;2,5,6;2,6,7;2,7,3;3,7,8;3,8,4;4,8,9;4,9,10;4,10,5;5,10,11;5,11,6;6,11,12;6,12,7;7,12,8;8,12,13;8,13,9;9,13,14;9,14,10;10,14,11;11,14,12;12,14,13
CCCACCACACCACACACAAACAAE 1,2,3;1,3,4;1,4,5;1,5,2;2,5,6;2,6,7;2,7,3;3,7,8;3,8,4;4,8,9;4,9,10;4,10,5;5,10,11;5,11,6;6,11,12;6,12,7;7,12,13;7,13,8;8,13,9;9,13,10;10,13,14;10,14,11;11,14,12;12,14,13
CCCACCACACCACACACAABCAAE 1,2,3;1,3,4;1,4,5;1,5,2;2,5,6;2,6,7;2,7,3;3,7,8;3,8,4;4,8,9;4,9,10;4,10,5;5,10,11;5,11,6;6,11,12;6,12,7;7,12,13;7,13,8;8,13,9;9,13,12;9,12,14;9,14,10;10,14,11;11,14,12
CCCACCACACCACACACAACAAAE 1,2,3;1,3,4;1,4,5;1,5,2;2,5,6;2,6,7;2,7,3;3,7,8;3,8,4;4,8,9;4,9,10;4,10,5;5,10,11;5,11,6;6,11,12;6,12,7;7,12,13;7,13,8;8,13,9;9,13,14;9,14,10;10,14,11;11,14,12;12,14,13
CCCACCACACCACACACAACDEAE 1,2,3;1,3,4;1,4,5;1,5,2;2,5,6;2,6,7;2,7,3;3,7,8;3,8,4;4,8,9;4,9,10;4,10,5;5,10,11;5,11,6;6,11,12;6,12,7;7,12,13;7,13,8;8,13,9;9,13,14;9,14,11;11,14,12;12,14,13;9,11,10
CCCACCACACCACACACACAAAAE 1,2,3;1,3,4;1,4,5;1,5,2;2,5,6;2,6,7;2,7,3;3,7,8;3,8,4;4,8,9;4,9,10;4,10,5;5,10,11;5,11,6;6,11,12;6,12,7;7,12,13;7,13,8;8,13,14;8,14,9;9,14,10;10,14,11;11,14,12;12,14,13
CCCACCACACCACACACACAAABE 1,2,3;1,3,4;1,4,5;1,5,2;2,5,6;2,6,7;2,7,3;3,7,8;3,8,4;4,8,9;4,9,10;4,10,5;5,10,11;5,11,6;6,11,12;6,12,7;7,12,13;7,13,8;8,13,14;8,14,9;9,14,10;10,14,11;11,14,13;11,13,12
CCCACCACACCACACACACAADEE 1,2,3;1,3,4;1,4,5;1,5,2;2,5,6;2,6,7;2,7,3;3,7,8;3,8,4;4,8,9;4,9,10;4,10,5;5,10,11;5,11,6;6,11,12;6,12,7;7,12,13;7,13,8;8,13,14;8,14,9;9,14,10;10,14,12;12,14,13;10,12,11
CCCACCACACCACACCAACAAAAE 1,2,3;1,3,4;1,4,5;1,5,2;2,5,6;2,6,7;2,7,3;3,7,8;3,8,4;4,8,9;4,9,10;4,10,5;5,10,11;5,11,6;6,11,12;6,12,13;6,13,7;7,13,8;8,13,14;8,14,9;9,14,10;10,14,11;11,14,12;12,14,13
CCCACCACACCACACCAACAADEE 1,2,3;1,3,4;1,4,5;1,5,2;2,5,6;2,6,7;2,7,3;3,7,8;3,8,4;4,8,9;4,9,10;4,10,5;5,10,11;5,11,6;6,11,12;6,12,13;6,13,7;7,13,8;8,13,14;8,14,9;9,14,10;10,14,12;12,14,13;10,12,11
CCCACCACCACACAACACCAABAE 1,2,3;1,3,4;1,4,5;1,5,2;2,5,6;2,6,7;2,7,3;3,7,8;3,8,9;3,9,4;4,9,10;4,10,5;5,10,11;5,11,6;6,11,7;7,11,12;7,12,8;8,12,13;8,13,14;8,14,9;9,14,10;10,14,13;10,13,11;11,13,12
CCCACCACCACACACAACAACAAE 1,2,3;1,3,4;1,4,5;1,5,2;2,5,6;2,6,7;2,7,3;3,7,8;3,8,9;3,9,4;4,9,10;4,10,5;5,10,11;5,11,6;6,11,12;6,12,7;7,12,8;8,12,13;8,13,9;9,13,10;10,13,14;10,14,11;11,14,12;12,14,13
CCCACCACCACACACAACACAABE 1,2,3;1,3,4;1,4,5;1,5,2;2,5,6;2,6,7;2,7,3;3,7,8;3,8,9;3,9,4;4,9,10;4,10,5;5,10,11;5,11,6;6,11,12;6,12,7;7,12,8;8,12,13;8,13,9;9,13,14;9,14,10;10,14,11;11,14,13;11,13,12
CCCACCACCACACACAACCAAABE 1,2,3;1,3,4;1,4,5;1,5,2;2,5,6;2,6,7;2,7,3;3,7,8;3,8,9;3,9,4;4,9,10;4,10,5;5,10,11;5,11,6;6,11,12;6,12,7;7,12,8;8,12,13;8,13,14;8,14,9;9,14,10;10,14,11;11,14,13;11,13,12
CCCACCACCACACACACAACAAAE 1,2,3;1,3,4;1,4,5;1,5,2;2,5,6;2,6,7;2,7,3;3,7,8;3,8,9;3,9,4;4,9,10;4,10,5;5,10,11;5,11,6;6,11,12;6,12,7;7,12,13;7,13,8;8,13,9;9,13,14;9,14,10;10,14,11;11,14,12;12,14,13
CCCACCACCACACACACAACAABE 1,2,3;1,3,4;1,4,5;1,5,2;2,5,6;2,6,7;2,7,3;3,7,8;3,8,9;3,9,4;4,9,10;4,10,5;5,10,11;5,11,6;6,11,12;6,12,7;7,12,13;7,13,8;8,13,9;9,13,14;9,14,10;10,14,11;11,14,13;11,13,12
CCCACCACCACACACACAACADEE 1,2,3;1,3,4;1,4,5;1,5,2;2,5,6;2,6,7;2,7,3;3,7,8;3,8,9;3,9,4;4,9,10;4,10,5;5,10,11;5,11,6;6,11,12;6,12,7;7,12,13;7,13,8;8,13,9;9,13,14;9,14,10;10,14,12;12,14,13;10,12,11
CCCACCACCACCACAACACDEAAE 1,2,3;1,3,4;1,4,5;1,5,2;2,5,6;2,6,7;2,7,3;3,7,8;3,8,9;3,9,4;4,9,10;4,10,11;4,11,5;5,11,12;5,12,6;6,12,7;7,12,13;7,13,8;8,13,14;8,14,10;10,14,11;11,14,12;12,14,13;8,10,9
CCCACCACCACCACACAACAADEE 1,2,3;1,3,4;1,4,5;1,5,2;2,5,6;2,6,7;2,7,3;3,7,8;3,8,9;3,9,4;4,9,10;4,10,11;4,11,5;5,11,12;5,12,6;6,12,13;6,13,7;7,13,8;8,13,14;8,14,9;9,14,10;10,14,12;12,14,13;10,12,11
CCCACCACCACCACACAACDEDEE 1,2,3;1,3,4;1,4,5;1,5,2;2,5,6;2,6,7;2,7,3;3,7,8;3,8,9;3,9,4;4,9,10;4,10,11;4,11,5;5,11,12;5,12,6;6,12,13;6,13,7;7,13,8;8,13,14;8,14,10;10,14,12;12,14,13;10,12,11;8,10,9
CCCACCACCACCACACACAAADEE 1,2,3;1,3,4;1,4,5;1,5,2;2,5,6;2,6,7;2,7,3;3,7,8;3,8,9;3,9,4;4,9,10;4,10,11;4,11,5;5,11,12;5,12,6;6,12,13;6,13,7;7,13,14;7,14,8;8,14,9;9,14,10;10,14,12;12,14,13;10,12,11
CCCACCCACCACCACAACDEDEBE 1,2,3;1,3,4;1,4,5;1,5,2;2,5,6;2,6,7;2,7,8;2,8,3;3,8,9;3,9,10;3,10,4;4,10,11;4,11,12;4,12,5;5,12,13;5,13,6;6,13,7;7,13,14;7,14,9;9,14,11;11,14,13;11,13,12;9,11,10;7,9,8
CCCCACCACACACACACAACAAAE 1,2,3;1,3,4;1,4,5;1,5,6;1,6,2;2,6,7;2,7,8;2,8,3;3,8,9;3,9,4;4,9,10;4,10,5;5,10,11;5,11,6;6,11,12;6,12,7;7,12,13;7,13,8;8,13,9;9,13,14;9,14,10;10,14,11;11,14,12;12,14,13
CCAE 1,2,3;1,3,4;1,4,2;2,4,3
CCCACAAE 1,2,3;1,3,4;1,4,5;1,5,2;2,5,6;2,6,3;3,6,4;4,6,5
CCCACACAAE 1,2,3;1,3,4;1,4,5;1,5,2;2,5,6;2,6,3;3,6,7;3,7,4;4,7,5;5,7,6
CCCACACACAAE 1,2,3;1,3,4;1,4,5;1,5,2;2,5,6;2,6,3;3,6,7;3,7,4;4,7,8;4,8,5;5,8,6;6,8,7
CCCACACCAABE 1,2,3;1,3,4;1,4,5;1,5,2;2,5,6;2,6,3;3,6,7;3,7,8;3,8,4;4,8,5;5,8,7;5,7,6
CCCACACACACAAE 1,2,3;1,3,4;1,4,5;1,5,2;2,5,6;2,6,3;3,6,7;3,7,4;4,7,8;4,8,5;5,8,9;5,9,6;6,9,7;7,9,8
CCCACACACCAABE 1,2,3;1,3,4;1,4,5;1,5,2;2,5,6;2,6,3;3,6,7;3,7,4;4,7,8;4,8,9;4,9,5;5,9,6;6,9,8;6,8,7
CCCACCACACAAAE 1,2,3;1,3,4;1,4,5;1,5,2;2,5,6;2,6,7;2,7,3;3,7,8;3,8,4;4,8,9;4,9,5;5,9,6;6,9,7;7,9,8
